294;451
294,607;567
294,607,970;549
294,607,970,435;597
294,607,970,435,699;623
294,607,970,435,699,762;612
294,607,970,435,699,762,659;589
294,607,970,435,699,762,659,111;655
294,607,970,435,699,762,659,111,939;710
294,607,970,435,699,762,659,111,939,189;732
294,607,970,435,699,762,659,111,939,189,268;756
294,607,970,435,699,762,659,111,939,189,268,802;834
294,607,970,435,699,762,659,111,939,189,268,802,491;875
294,607,970,435,699,762,659,111,939,189,268,802,491,773;902
294,607,970,435,699,762,659,111,939,189,268,802,491,773,398;923
294,607,970,435,699,762,659,111,939,189,268,802,491,773,398,275;945
294,607,970,435,699,762,659,111,939,189,268,802,491,773,398,275,38;965
294,607,970,435,699,762,659,111,939,189,268,802,491,773,398,275,38,677;965
294,607,970,435,699,762,659,111,939,189,268,802,491,773,398,275,38,677,432;965
294,607,970,435,699,762,659,111,939,189,268,802,491,773,398,275,38,677,432,454;965